12.9666708,77.5141239 12.985417,77.54365 12.99327,77.526306 12.980233,77.5116 12.979175,77.554887 12.992009,77.534637 12.975719888,77.5536570142 12.971346,77.513216 12.973027,77.536685 12.99612,77.513947 12.988845,77.525699 12.988845,77.525699 12.976325,77.525803 12.9831375668,77.5485758374 12.9702036925,77.5243541163 12.946903,77.530692 12.971,77.524 12.9583601544,77.5189508984 12.975244,77.548037 12.9793829626,77.5479045731 12.97201,77.535553 12.989305,77.501387 12.9815273,77.5485903 12.978553,77.5419 12.98457,77.537394 12.973333,77.538384 12.987333,77.549805 12.99199,77.547246 12.998008,77.546257 12.998604,77.545642 
13.022825,77.5908166667 13.028,77.594 13.079147,77.63347 13.033159,77.608999 13.020736,77.587022 13.041236,77.616562 13.0295,77.603 13.039899,77.581092 13.041208,77.616578 13.097817,77.5905 13.02664,77.571844 13.034236,77.567603 
12.960141,77.58753 12.960283,77.592812 12.950245,77.596135 12.951495,77.591014 12.964662,77.605545 12.9561068,77.6054773 12.948854,77.598213 12.955131,77.613601 12.95462,77.622688 12.95506,77.595957 12.937172,77.612826 
12.981331,77.601859 12.9813182,77.595132 12.9813182,77.595132 12.9813182,77.595132 12.9813182,77.595132 12.9813182,77.595132 12.972358,77.595993 12.9813182,77.595132 12.981914,77.600361 12.9813182,77.595132 12.9813182,77.595132 12.981914,77.600361 12.9813182,77.595132 12.9813182,77.595132 12.970853,77.608725 12.974983,77.604975 12.974983,77.604975 12.987434,77.594748 12.969,77.601833 12.9813182,77.595132 12.971948,77.595963 12.970529,77.583458 12.967333,77.581833 12.97207,77.580628 
12.998,77.6215 13.0158868202,77.639686672 12.997052,77.613469 13.014081,77.664262 12.977377,77.638528 13.019342,77.67363 13.005256,77.636046 13.002896,77.612115 13.006314,77.61471 13.004495,77.604588 13.006314,77.61471 13.002112,77.617023 13.0137241937,77.6167446987 
12.962472,77.649178 12.95938,77.656167 12.9058916667,77.6495222222 12.926007,77.670431 12.928958,77.68398 12.963842,77.716613 12.8493333333,77.6693111111 12.844662,77.704171 12.97637,77.727195 12.999022,77.701662 
13.0013888889,77.5941666667 12.985167,77.601833 12.9865,77.602 12.990738,77.604244 12.990738,77.604244 12.990738,77.604244 12.996989,77.603427 12.9822887967,77.6048731396 12.993809,77.607263 12.991307,77.61248 12.986023,77.616836 12.991307,77.61248 
12.981108,77.5757 12.979056,77.578488 12.9838371111,77.5803909167 12.9889918,77.5774348 12.988847,77.576549 12.9932,77.571265 12.993193,77.5710886 12.999054,77.569618 12.994914,77.579758 13.004307,77.588364 12.9991553618,77.5657363948 12.987709,77.556613 12.999255,77.560137 13.008237,77.564721 
13.022483,77.558938 13.0179386111,77.55709075 13.0017997674,77.5501040674 13.0242935,77.5425339 13.011164,77.546695 13.06242,77.508737 13.022667,77.535167 13.002589,77.538462 13.046975,77.496892 13.0242935,77.5425339 
12.898598,77.558593 12.9222222222,77.5755555556 12.774421,77.413233 12.91852,77.565277 12.91585,77.559128 12.89352,77.581345 12.888283,77.585092 12.8828,77.566155 12.9065496161,77.5756068364 12.922187,77.571258 12.912627,77.587573 12.924833,77.5645 12.923691,77.573441 12.9220191863,77.5719234536 12.9213492011,77.5697386614 12.898598,77.558593 12.820976,77.586574 12.911566,77.584902 12.890965,77.620624 
12.940071,77.582442 12.941667,77.5845 12.93237,77.582417 12.935576,77.583083 12.94046,77.582501 12.939698,77.595511 12.919667,77.592667 12.9286944,77.5834751 12.93237,77.582417 12.913833,77.609978 12.935021,77.603086 12.935021,77.603086 12.935021,77.603086 12.922328,77.583475 12.909443,77.623932 
12.95953,77.571457 12.949545,77.572274 12.958035,77.564772 12.952012,77.577272 12.945221,77.568457 12.956921,77.550424 12.95953,77.571457 12.940333,77.547983 12.944351,77.572846 12.94858,77.580227 12.942267,77.573215 12.942267,77.573215 12.940142,77.571764 12.9370832,77.5485661 12.9356167,77.5538206 12.933333,77.5715 12.9356167,77.5538206 12.933,77.5715 12.9349061705,77.5733738144 12.932689,77.542436 12.930041,77.569782 12.932689,77.542436 12.932689,77.542436 12.937058,77.576594 
